0 15 7.27355100665
1 15 8.28212530914
2 15 10.0342844115
3 15 8.50318078084
4 15 7.61244375357
5 15 7.86060608676
6 15 8.2948001791
7 15 10.1495780589
8 15 11.5679526184
9 15 10.2911370189
10 15 11.4734592639
11 15 9.60538173784
12 15 9.37433811261
13 15 8.04773186625
14 15 7.23137206724
15 15 9.03339547113
16 15 10.1667420935
17 15 6.70161037945
18 15 4.45549163756
19 15 6.38670012561
20 15 5.8704850531
21 15 7.5771223791
22 15 4.25984796325
23 15 7.15591734962
24 15 6.33100409661
25 15 6.91804198572
26 15 4.21720890301
27 15 5.23014676445
28 15 8.72613142277
29 15 8.81863588949
30 15 7.3653099369
31 15 6.70161037945
32 15 8.72613142277
33 15 9.57389549318
34 15 11.4050347492
35 15 8.81863588949
36 15 9.37433811261
37 15 7.15591734962
38 15 7.3653099369
39 15 8.50318078084
40 15 8.04773186625
41 15 6.33100409661
42 15 8.82979389574
43 15 8.50342988368
44 15 10.4003677304
45 15 7.61244375357
46 15 8.03623785358
47 15 9.92703627587
48 15 10.1762498124
49 15 9.48988173184
50 15 11.345323606
51 15 14.0936499169
52 15 8.88392166624
53 15 9.63493765362
54 15 13.9497839604
55 15 6.91804198572
56 15 8.89124565776
57 15 13.276335863
58 15 13.276335863
59 15 15.8485061585
60 15 8.88392166624
61 15 7.86060608676
62 15 8.82979389574
63 15 10.1762498124
64 15 9.63493765362
65 15 8.89124565776
66 15 7.27355100665
67 15 8.28212530914
68 15 8.2948001791
69 15 7.23137206724
70 15 4.45549163756
71 15 4.25984796325
72 15 4.21720890301
73 15 8.50342988368
74 15 8.03623785358
75 15 9.48988173184
76 15 9.08746091878
77 15 10.0342844115
78 15 10.1495780589
79 15 9.03339547113
80 15 10.4003677304
81 15 9.92703627587
82 15 11.345323606
83 15 11.5679526184
84 15 14.0936499169
85 15 16.0241299447
86 15 13.9497839604
87 15 15.8485061585
88 15 16.6974999835
89 15 16.8846153
90 15 10.2911370189
91 15 10.1667420935
92 15 17.2579862354
93 15 11.4734592639
94 15 9.60538173784
95 15 9.08746091878
96 15 16.0241299447
97 15 23.2043530002
98 15 21.6928561474
99 15 20.1639329282
100 15 22.6909367574
101 15 6.38670012561
102 15 14.8774140326
103 15 11.2149568706
104 15 16.6974999835
105 15 16.8846153
106 15 17.2579862354
107 15 14.8774140326
108 15 21.6928561474
109 15 5.8704850531
110 15 5.23014676445
111 15 9.57389549318
112 15 7.5771223791
113 15 11.4050347492
114 15 11.2149568706
115 15 20.1639329282
116 15 23.2043530002
117 15 22.6909367574
0 16 9.9142637984
1 16 10.6342911565
2 16 12.0527715067
3 16 8.71050989436
4 16 7.87089467882
5 16 9.11796614283
6 16 10.0582331603
7 16 11.6389934121
8 16 13.2263169312
9 16 12.8657298457
10 16 14.2195078304
11 16 12.4244779772
12 16 8.80381506272
13 16 7.90085461195
14 16 8.8738775319
15 16 10.3991866408
16 16 12.5327875709
17 16 5.1620283623
18 16 6.54174051611
19 16 9.43633638258
20 16 6.52637350165
21 16 7.75035511743
22 16 6.39353431097
23 16 4.47447874193
24 16 4.39830629061
25 16 4.48493866548
26 16 5.08367793577
27 16 4.53887196089
28 16 6.6476720297
29 16 6.46512453011
30 16 4.63580125347
31 16 5.1620283623
32 16 6.6476720297
33 16 8.31838699604
34 16 10.1061946105
35 16 6.46512453011
36 16 8.80381506272
37 16 4.47447874193
38 16 4.63580125347
39 16 8.71050989436
40 16 7.90085461195
41 16 4.39830629061
42 16 8.30322564702
43 16 8.61990611648
44 16 10.4999999607
45 16 7.87089467882
46 16 8.18586369451
47 16 10.0529191474
48 16 9.73760924703
49 16 9.60931811596
50 16 11.4492530616
51 16 14.1469654609
52 16 7.94984264476
53 16 9.20349680189
54 16 14.1065996363
55 16 4.48493866548
56 16 7.93879271761
57 16 12.0744953432
58 16 12.0744953432
59 16 16.1420497639
60 16 7.94984264476
61 16 9.11796614283
62 16 8.30322564702
63 16 9.73760924703
64 16 9.20349680189
65 16 7.93879271761
66 16 9.9142637984
67 16 10.6342911565
68 16 10.0582331603
69 16 8.8738775319
70 16 6.54174051611
71 16 6.39353431097
72 16 5.08367793577
73 16 8.61990611648
74 16 8.18586369451
75 16 9.60931811596
76 16 11.9629345509
77 16 12.0527715067
78 16 11.6389934121
79 16 10.3991866408
80 16 10.4999999607
81 16 10.0529191474
82 16 11.4492530616
83 16 13.2263169312
84 16 14.1469654609
85 16 18.6513034935
86 16 14.1065996363
87 16 16.1420497639
88 16 18.7563036223
89 16 19.0627212735
90 16 12.8657298457
91 16 12.5327875709
92 16 20.2853171187
93 16 14.2195078304
94 16 12.4244779772
95 16 11.9629345509
96 16 18.6513034935
97 16 25.7266610145
98 16 24.9416716341
99 16 22.8369535334
100 16 25.2829627094
101 16 9.43633638258
102 16 18.1345743071
103 16 13.645649868
104 16 18.7563036223
105 16 19.0627212735
106 16 20.2853171187
107 16 18.1345743071
108 16 24.9416716341
109 16 6.52637350165
110 16 4.53887196089
111 16 8.31838699604
112 16 7.75035511743
113 16 10.1061946105
114 16 13.645649868
115 16 22.8369535334
116 16 25.7266610145
117 16 25.2829627094
0 17 12.4619781206
1 17 13.0175745877
2 17 14.5537194538
3 17 10.9040609398
4 17 10.5936653661
5 17 11.8972550311
6 17 12.4260300928
7 17 14.1023645681
8 17 15.8382303179
9 17 13.3855550812
10 17 15.3275387143
11 17 13.674351811
12 17 9.21336698597
13 17 9.58034809545
14 17 10.877402065
15 17 12.5653334706
16 17 12.5319929914
17 17 2.62403395937
18 17 8.56660736452
19 17 8.70125600045
20 17 3.97947512328
21 17 4.64290904255
22 17 9.0706453434
23 17 6.19991899046
24 17 6.99720464773
25 17 7.92313774915
26 17 8.10383632686
27 17 1.7549982767
28 17 3.92667434766
29 17 4.80039246093
30 17 5.06659722307
31 17 2.62403395937
32 17 3.92667434766
33 17 4.78554599892
34 17 6.63980320153
35 17 4.80039246093
36 17 9.21336698597
37 17 6.19991899046
38 17 5.06659722307
39 17 10.9040609398
40 17 9.58034809545
41 17 6.99720464773
42 17 11.3718350531
43 17 11.3801870219
44 17 13.2524799028
45 17 10.5936653661
46 17 11.3782002139
47 17 13.1790973997
48 17 13.2874306324
49 17 12.9963291927
50 17 14.7588387993
51 17 17.5808276651
52 17 11.6666300432
53 17 12.9183260421
54 17 17.8692125898
55 17 7.92313774915
56 17 11.6809746359
57 17 14.6093618462
58 17 14.6093618462
59 17 18.945868063
60 17 11.6666300432
61 17 11.8972550311
62 17 11.3718350531
63 17 13.2874306324
64 17 12.9183260421
65 17 11.6809746359
66 17 12.4619781206
67 17 13.0175745877
68 17 12.4260300928
69 17 10.877402065
70 17 8.56660736452
71 17 9.0706453434
72 17 8.10383632686
73 17 11.3801870219
74 17 11.3782002139
75 17 12.9963291927
76 17 13.7081129392
77 17 14.5537194538
78 17 14.1023645681
79 17 12.5653334706
80 17 13.2524799028
81 17 13.1790973997
82 17 14.7588387993
83 17 15.8382303179
84 17 17.5808276651
85 17 21.5186285963
86 17 17.8692125898
87 17 18.945868063
88 17 16.7336114661
89 17 17.3420378136
90 17 13.3855550812
91 17 12.5319929914
92 17 19.6504431519
93 17 15.3275387143
94 17 13.674351811
95 17 13.7081129392
96 17 21.5186285963
97 17 27.6885990282
98 17 26.21881393
99 17 24.2098584996
100 17 26.9106337067
101 17 8.70125600045
102 17 17.0774745125
103 17 12.0606376252
104 17 16.7336114661
105 17 17.3420378136
106 17 19.6504431519
107 17 17.0774745125
108 17 26.21881393
109 17 3.97947512328
110 17 1.7549982767
111 17 4.78554599892
112 17 4.64290904255
113 17 6.63980320153
114 17 12.0606376252
115 17 24.2098584996
116 17 27.6885990282
117 17 26.9106337067
0 32 13.2084330309
1 32 12.6320157143
2 32 12.8956776868
3 32 6.98310979514
4 32 7.56600744469
5 32 9.98115547266
6 32 10.9153456176
7 32 11.3133731793
8 32 12.9905982183
9 32 14.2885254545
10 32 15.4781717009
11 32 14.3425913326
12 32 5.60449049897
13 32 5.92854539505
14 32 9.82627728115
15 32 10.0251002463
16 32 13.9835269732
17 32 8.8426124031
18 32 9.92935650874
19 32 15.556013752
20 32 12.6367509787
21 32 12.6950288963
22 32 10.5438256761
23 32 4.47447874193
24 32 5.29528602309
25 32 9.54200221541
26 32 8.9232624666
27 32 11.6481055493
28 32 8.72610623564
29 32 6.85481034968
30 32 5.06659722307
31 32 8.8426124031
32 32 8.72610623564
33 32 11.4874870551
34 32 12.2026143161
35 32 6.85481034968
36 32 5.60449049897
37 32 4.47447874193
38 32 5.06659722307
39 32 6.98310979514
40 32 5.92854539505
41 32 5.29528602309
42 32 7.06009532335
43 32 7.52959022409
44 32 8.19704068946
45 32 7.56600744469
46 32 8.47366259228
47 32 8.96690058444
48 32 9.70834076841
49 32 9.6571423795
50 32 10.3226125258
51 32 12.6291643927
52 32 11.7365495966
53 32 10.6967284627
54 32 15.6756628473
55 32 9.54200221541
56 32 10.3036884293
57 32 18.126753981
58 32 18.126753981
59 32 22.584325351
60 32 11.7365495966
61 32 9.98115547266
62 32 7.06009532335
63 32 9.70834076841
64 32 10.6967284627
65 32 10.3036884293
66 32 13.2084330309
67 32 12.6320157143
68 32 10.9153456176
69 32 9.82627728115
70 32 9.92935650874
71 32 10.5438256761
72 32 8.9232624666
73 32 7.52959022409
74 32 8.47366259228
75 32 9.6571423795
76 32 14.2812878933
77 32 12.8956776868
78 32 11.3133731793
79 32 10.0251002463
80 32 8.19704068946
81 32 8.96690058444
82 32 10.3226125258
83 32 12.9905982183
84 32 12.6291643927
85 32 21.2258739068
86 32 15.6756628473
87 32 22.584325351
88 32 21.2790412302
89 32 21.1095278116
90 32 14.2885254545
91 32 13.9835269732
92 32 22.8227594749
93 32 15.4781717009
94 32 14.3425913326
95 32 14.2812878933
96 32 21.2258739068
97 32 33.1777658559
98 32 32.4267046489
99 32 30.9116190231
100 32 33.1245719007
101 32 15.556013752
102 32 24.1572984162
103 32 21.1028662753
104 32 21.2790412302
105 32 21.1095278116
106 32 22.8227594749
107 32 24.1572984162
108 32 32.4267046489
109 32 12.6367509787
110 32 11.6481055493
111 32 11.4874870551
112 32 12.6950288963
113 32 12.2026143161
114 32 21.1028662753
115 32 30.9116190231
116 32 33.1777658559
117 32 33.1245719007
0 33 10.2024036939
1 33 9.52917693774
2 33 9.5196363438
3 33 4.02524016121
4 33 4.32550766981
5 33 6.64468580296
6 33 7.7878250619
7 33 7.91109619137
8 33 9.43169762391
9 33 12.540895113
10 33 13.1217747228
11 33 11.9703929602
12 33 5.79672971611
13 33 4.01407810591
14 33 7.182451604
15 33 6.97295502629
16 33 12.7348951223
17 33 10.1444635813
18 33 7.84294871867
19 33 14.8086975548
20 33 13.1149134151
21 33 13.626139754
22 33 8.12984248862
23 33 5.1002420245
24 33 4.39830629061
25 33 8.71354458837
26 33 6.70793340054
27 33 12.2655564491
28 33 10.7781025736
29 33 9.09657935829
30 33 6.54672859505
31 33 10.1444635813
32 33 10.7781025736
33 33 13.3512600145
34 33 14.4011120617
35 33 9.09657935829
36 33 5.79672971611
37 33 5.1002420245
38 33 6.54672859505
39 33 4.02524016121
40 33 4.01407810591
41 33 4.39830629061
42 33 3.49973289613
43 33 4.00936125891
44 33 4.4338815769
45 33 4.32550766981
46 33 5.0209579259
47 33 5.1865159663
48 33 6.37346673095
49 33 6.0503438766
50 33 6.55668913833
51 33 8.98239802733
52 33 9.65753660732
53 33 7.71250066917
54 33 12.4554115487
55 33 8.71354458837
56 33 7.88290482451
57 33 17.1682905553
58 33 17.1682905553
59 33 20.6930719272
60 33 9.65753660732
61 33 6.64468580296
62 33 3.49973289613
63 33 6.37346673095
64 33 7.71250066917
65 33 7.88290482451
66 33 10.2024036939
67 33 9.52917693774
68 33 7.7878250619
69 33 7.182451604
70 33 7.84294871867
71 33 8.12984248862
72 33 6.70793340054
73 33 4.00936125891
74 33 5.0209579259
75 33 6.0503438766
76 33 11.5532280422
77 33 9.5196363438
78 33 7.91109619137
79 33 6.97295502629
80 33 4.4338815769
81 33 5.1865159663
82 33 6.55668913833
83 33 9.43169762391
84 33 8.98239802733
85 33 17.5924105499
86 33 12.4554115487
87 33 20.6930719272
88 33 21.4101356531
89 33 21.0170059289
90 33 12.540895113
91 33 12.7348951223
92 33 21.6279624858
93 33 13.1217747228
94 33 11.9703929602
95 33 11.5532280422
96 33 17.5924105499
97 33 30.6702581807
98 33 30.0499978607
99 33 28.8072864368
100 33 30.8312524734
101 33 14.8086975548
102 33 23.2352687019
103 33 20.8065383857
104 33 21.4101356531
105 33 21.0170059289
106 33 21.6279624858
107 33 23.2352687019
108 33 30.0499978607
109 33 13.1149134151
110 33 12.2655564491
111 33 13.3512600145
112 33 13.626139754
113 33 14.4011120617
114 33 20.8065383857
115 33 28.8072864368
116 33 30.6702581807
117 33 30.8312524734
0 34 9.42770362847
1 34 9.38821622121
2 34 9.57839570808
3 34 5.708085784
4 34 4.56362070371
5 34 6.38088197244
6 34 8.11734909909
7 34 8.4625869371
8 34 9.65994393508
9 34 13.9756310771
10 34 14.2569731441
11 34 12.8118372019
12 34 8.68233118053
13 34 6.23901173975
14 34 7.9537103123
15 34 8.00529799594
16 34 14.3754835407
17 34 10.8631398958
18 34 7.84125442899
19 34 14.8891166704
20 34 13.3393862791
21 34 14.2705460502
22 34 7.23578724324
23 34 5.46070201711
24 34 4.1447205022
25 34 5.89560455258
26 34 5.62951441611
27 34 11.962599344
28 34 11.7750921212
29 34 10.3704261669
30 34 7.34272793949
31 34 10.8631398958
32 34 11.7750921212
33 34 14.309018098
34 34 15.6819135032
35 34 10.3704261669
36 34 8.68233118053
37 34 5.46070201711
38 34 7.34272793949
39 34 5.708085784
40 34 6.23901173975
41 34 4.1447205022
42 34 2.58753132243
43 34 4.38172312915
44 34 5.15486403614
45 34 4.56362070371
46 34 3.75119590709
47 34 4.42156054187
48 34 3.55250812812
49 34 4.15731027597
50 34 5.23980320997
51 34 7.49490848597
52 34 5.99462565715
53 34 4.32149347794
54 34 9.34397577019
55 34 5.89560455258
56 34 4.19357370321
57 34 13.695791426
58 34 13.695791426
59 34 17.0974485831
60 34 5.99462565715
61 34 6.38088197244
62 34 2.58753132243
63 34 3.55250812812
64 34 4.32149347794
65 34 4.19357370321
66 34 9.42770362847
67 34 9.38821622121
68 34 8.11734909909
69 34 7.9537103123
70 34 7.84125442899
71 34 7.23578724324
72 34 5.62951441611
73 34 4.38172312915
74 34 3.75119590709
75 34 4.15731027597
76 34 11.8774903905
77 34 9.57839570808
78 34 8.4625869371
79 34 8.00529799594
80 34 5.15486403614
81 34 4.42156054187
82 34 5.23980320997
83 34 9.65994393508
84 34 7.49490848597
85 34 16.3306851406
86 34 9.34397577019
87 34 17.0974485831
88 34 23.1523007456
89 34 22.8853704825
90 34 13.9756310771
91 34 14.3754835407
92 34 23.0424978704
93 34 14.2569731441
94 34 12.8118372019
95 34 11.8774903905
96 34 16.3306851406
97 34 27.920903762
98 34 28.0681473287
99 34 26.3478108479
100 34 28.2061296721
101 34 14.8891166704
102 34 23.3788542342
103 34 20.3873105843
104 34 23.1523007456
105 34 22.8853704825
106 34 23.0424978704
107 34 23.3788542342
108 34 28.0681473287
109 34 13.3393862791
110 34 11.962599344
111 34 14.309018098
112 34 14.2705460502
113 34 15.6819135032
114 34 20.3873105843
115 34 26.3478108479
116 34 27.920903762
117 34 28.2061296721
0 56 9.36411790942
1 56 10.6765239254
2 56 11.7735059182
3 56 10.6290282054
4 56 8.89621848546
5 56 9.19299239585
6 56 10.6703552243
7 56 11.8575174398
8 56 12.7124899965
9 56 15.6291807598
10 56 15.9128422388
11 56 14.0709175905
12 56 13.2674446374
13 56 10.9695707668
14 56 10.5942838357
15 56 11.5793936031
16 56 16.019356176
17 56 11.5005495544
18 56 8.73573069854
19 56 12.9441978979
20 56 12.0021915678
21 56 13.6025188258
22 56 7.16090872116
23 56 8.79765018272
24 56 7.63411273699
25 56 3.59787905091
26 56 6.35322978827
27 56 10.1519227516
28 56 12.9461482123
29 56 12.5356121235
30 56 10.0179392991
31 56 11.5005495544
32 56 12.9461482123
33 56 14.6025984194
34 56 16.4218436998
35 56 12.5356121235
36 56 13.2674446374
37 56 8.79765018272
38 56 10.0179392991
39 56 10.6290282054
40 56 10.9695707668
41 56 7.63411273699
42 56 8.41088319335
43 56 9.34969545491
44 56 10.7615123799
45 56 8.89621848546
46 56 7.75956509041
47 56 9.31180945018
48 56 7.40263559548
49 56 7.97694166088
50 56 9.73776797637
51 56 11.5244503603
52 56 2.91333278185
53 56 5.7616826445
54 56 9.06966701223
55 56 3.59787905091
56 56 4.32658173812
57 56 7.49827558351
58 56 7.49827558351
59 56 10.4055719916
60 56 2.91333278185
61 56 9.19299239585
62 56 8.41088319335
63 56 7.40263559548
64 56 5.7616826445
65 56 4.32658173812
66 56 9.36411790942
67 56 10.6765239254
68 56 10.6703552243
69 56 10.5942838357
70 56 8.73573069854
71 56 7.16090872116
72 56 6.35322978827
73 56 9.34969545491
74 56 7.75956509041
75 56 7.97694166088
76 56 12.757179844
77 56 11.7735059182
78 56 11.8575174398
79 56 11.5793936031
80 56 10.7615123799
81 56 9.31180945018
82 56 9.73776797637
83 56 12.7124899965
84 56 11.5244503603
85 56 15.6717870361
86 56 9.06966701223
87 56 10.4055719916
88 56 23.5142003501
89 56 23.6180732233
90 56 15.6291807598
91 56 16.019356176
92 56 23.3521961919
93 56 15.9128422388
94 56 14.0709175905
95 56 12.757179844
96 56 15.6717870361
97 56 21.5651931484
98 56 22.4111824836
99 56 19.7539955648
100 56 21.6453840507
101 56 12.9441978979
102 56 20.6863570357
103 56 16.5903959817
104 56 23.5142003501
105 56 23.6180732233
106 56 23.3521961919
107 56 20.6863570357
108 56 22.4111824836
109 56 12.0021915678
110 56 10.1519227516
111 56 14.6025984194
112 56 13.6025188258
113 56 16.4218436998
114 56 16.5903959817
115 56 19.7539955648
116 56 21.5651931484
117 56 21.6453840507
0 57 6.78935231303
1 57 7.93171455061
2 57 8.64487133109
3 57 8.63446785222
4 57 6.75033142298
5 57 6.41349167
6 57 7.99181083681
7 57 8.82086763403
8 57 9.35498846468
9 57 13.922782358
10 57 13.6487381012
11 57 11.9567273227
12 57 12.4732700484
13 57 9.57981884599
14 57 8.49205874017
15 57 9.00849565758
16 57 14.6988435421
17 57 12.7573984263
18 57 7.46854786693
19 57 13.2935178263
20 57 13.3616066939
21 57 14.9241513922
22 57 5.65846664717
23 57 9.28428115741
24 57 7.57661412683
25 57 5.90847076886
26 57 5.28428788276
27 57 12.0679501096
28 57 14.3449812804
29 57 13.6190541416
30 57 10.8258434105
31 57 12.7573984263
32 57 14.3449812804
33 57 16.1542991964
34 57 17.9059849712
35 57 13.6190541416
36 57 12.4732700484
37 57 9.28428115741
38 57 10.8258434105
39 57 8.63446785222
40 57 9.57981884599
41 57 7.57661412683
42 57 6.24933353289
43 57 7.00848145043
44 57 8.04404015318
45 57 6.75033142298
46 57 5.17294249079
47 57 6.36024409904
48 57 4.6348804898
49 57 4.86882894389
50 57 6.48786932111
51 57 8.17822004709
52 57 3.26131151763
53 57 3.14349015007
54 57 6.36455129369
55 57 5.90847076886
56 57 3.1417211629
57 57 10.5145686508
58 57 10.5145686508
59 57 11.9145425851
60 57 3.26131151763
61 57 6.41349167
62 57 6.24933353289
63 57 4.6348804898
64 57 3.14349015007
65 57 3.1417211629
66 57 6.78935231303
67 57 7.93171455061
68 57 7.99181083681
69 57 8.49205874017
70 57 7.46854786693
71 57 5.65846664717
72 57 5.28428788276
73 57 7.00848145043
74 57 5.17294249079
75 57 4.86882894389
76 57 10.3847222709
77 57 8.64487133109
78 57 8.82086763403
79 57 9.00849565758
80 57 8.04404015318
81 57 6.36024409904
82 57 6.48786932111
83 57 9.35498846468
84 57 8.17822004709
85 57 12.4188326539
86 57 6.36455129369
87 57 11.9145425851
88 57 23.3481093549
89 57 23.1445660097
90 57 13.922782358
91 57 14.6988435421
92 57 22.1331440324
93 57 13.6487381012
94 57 11.9567273227
95 57 10.3847222709
96 57 12.4188326539
97 57 21.6652700789
98 57 22.2439587033
99 57 20.3639158404
100 57 22.0492330877
101 57 13.2935178263
102 57 20.810834292
103 57 17.9432251594
104 57 23.3481093549
105 57 23.1445660097
106 57 22.1331440324
107 57 20.810834292
108 57 22.2439587033
109 57 13.3616066939
110 57 12.0679501096
111 57 16.1542991964
112 57 14.9241513922
113 57 17.9059849712
114 57 17.9432251594
115 57 20.3639158404
116 57 21.6652700789
117 57 22.0492330877
0 58 5.65670971929
1 58 5.88833564578
2 58 5.93295655035
3 58 5.81315390226
4 58 4.06009075041
5 58 3.57064811752
6 58 5.35988536155
7 58 5.60114350708
8 58 6.15833608627
9 58 12.1219761792
10 58 11.5932195347
11 58 10.1577627662
12 58 10.469313064
13 58 7.27089399522
14 58 6.23126307032
15 58 6.04750725091
16 58 13.0770289647
17 58 12.895811426
18 58 6.49873919328
19 58 13.77397965
20 58 14.0387102398
21 58 15.3400055408
22 58 5.20678075397
23 58 8.78808136491
24 58 6.90309006895
25 58 7.8612743869
26 58 4.87769174288
27 58 13.1758129181
28 58 14.388773426
29 58 13.3163156791
30 58 10.4622831638
31 58 12.895811426
32 58 14.388773426
33 58 16.4097295874
34 58 17.9714986536
35 58 13.3163156791
36 58 10.469313064
37 58 8.78808136491
38 58 10.4622831638
39 58 5.81315390226
40 58 7.27089399522
41 58 6.90309006895
42 58 3.49973289613
43 58 3.9440399389
44 58 4.45522086059
45 58 4.06009075041
46 58 2.2078523938
47 58 2.69699004659
48 58 2.51534394932
49 58 1.33903374607
50 58 2.98089525951
51 58 5.39403697561
52 58 5.97310111166
53 58 3.0519651422
54 58 6.7361431921
55 58 7.8612743869
56 58 4.43919022918
57 58 14.048612099
58 58 14.048612099
59 58 15.5164841127
60 58 5.97310111166
61 58 3.57064811752
62 58 3.49973289613
63 58 2.51534394932
64 58 3.0519651422
65 58 4.43919022918
66 58 5.65670971929
67 58 5.88833564578
68 58 5.35988536155
69 58 6.23126307032
70 58 6.49873919328
71 58 5.20678075397
72 58 4.87769174288
73 58 3.9440399389
74 58 2.2078523938
75 58 1.33903374607
76 58 8.67509010835
77 58 5.93295655035
78 58 5.60114350708
79 58 6.04750725091
80 58 4.45522086059
81 58 2.69699004659
82 58 2.98089525951
83 58 6.15833608627
84 58 5.39403697561
85 58 11.4970236261
86 58 6.7361431921
87 58 15.5164841127
88 58 22.5789244646
89 58 22.1126563866
90 58 12.1219761792
91 58 13.0770289647
92 58 20.960170533
93 58 11.5932195347
94 58 10.1577627662
95 58 8.67509010835
96 58 11.4970236261
97 58 24.3205656332
98 58 24.2856569951
99 58 23.1202698532
100 58 24.7908853467
101 58 13.77397965
102 58 21.363203008
103 58 19.3960692305
104 58 22.5789244646
105 58 22.1126563866
106 58 20.960170533
107 58 21.363203008
108 58 24.2856569951
109 58 14.0387102398
110 58 13.1758129181
111 58 16.4097295874
112 58 15.3400055408
113 58 17.9714986536
114 58 19.3960692305
115 58 23.1202698532
116 58 24.3205656332
117 58 24.7908853467
0 59 2.95504389516
1 59 2.27346791697
2 59 2.30608441792
3 59 4.87412586043
4 59 3.8892175806
5 59 1.48133248338
6 59 1.97607007085
7 59 2.48418651576
8 59 3.25858587065
9 59 8.71912284534
10 59 7.87278391121
11 59 6.55310995787
12 59 9.51520446302
13 59 6.45082268085
14 59 3.57602998388
15 59 3.18646938886
16 59 9.94345776902
17 59 12.778288967
18 59 4.87572477161
19 59 11.9370629633
20 59 13.3086176627
21 59 14.5281596844
22 59 4.25984796325
23 59 9.85358194141
24 59 8.03071727134
25 59 10.3745638139
26 59 5.08367793577
27 59 13.1965445711
28 59 14.4635055317
29 59 13.5315640274
30 59 11.1423907159
31 59 12.778288967
32 59 14.4635055317
33 59 16.0866160223
34 59 17.5554119491
35 59 13.5315640274
36 59 9.51520446302
37 59 9.85358194141
38 59 11.1423907159
39 59 4.87412586043
40 59 6.45082268085
41 59 8.03071727134
42 59 5.19961470882
43 59 4.00936125891
44 59 4.47106383355
45 59 3.8892175806
46 59 3.75119590709
47 59 4.01154659379
48 59 6.06608168183
49 59 4.24205929346
50 59 4.97088366857
51 59 7.36989272783
52 59 9.27838548223
53 59 6.80870495645
54 59 9.68871733495
55 59 10.3745638139
56 59 7.96783813955
57 59 16.8993133457
58 59 16.8993133457
59 59 17.8497714854
60 59 9.27838548223
61 59 1.48133248338
62 59 5.19961470882
63 59 6.06608168183
64 59 6.80870495645
65 59 7.96783813955
66 59 2.95504389516
67 59 2.27346791697
68 59 1.97607007085
69 59 3.57602998388
70 59 4.87572477161
71 59 4.25984796325
72 59 5.08367793577
73 59 4.00936125891
74 59 3.75119590709
75 59 4.24205929346
76 59 5.05722019954
77 59 2.30608441792
78 59 2.48418651576
79 59 3.18646938886
80 59 4.47106383355
81 59 4.01154659379
82 59 4.97088366857
83 59 3.25858587065
84 59 7.36989272783
85 59 9.90327665521
86 59 9.68871733495
87 59 17.8497714854
88 59 19.8013721627
89 59 19.1383371931
90 59 8.71912284534
91 59 9.94345776902
92 59 17.4801057154
93 59 7.87278391121
94 59 6.55310995787
95 59 5.05722019954
96 59 9.90327665521
97 59 24.3849124544
98 59 23.2177735627
99 59 22.8812970378
100 59 24.7031066588
101 59 11.9370629633
102 59 18.871801656
103 59 18.0387214166
104 59 19.8013721627
105 59 19.1383371931
106 59 17.4801057154
107 59 18.871801656
108 59 23.2177735627
109 59 13.3086176627
110 59 13.1965445711
111 59 16.0866160223
112 59 14.5281596844
113 59 17.5554119491
114 59 18.0387214166
115 59 22.8812970378
116 59 24.3849124544
117 59 24.7031066588
