0 15 18.1530435212
1 15 18.8912829048
2 15 19.6096589357
3 15 18.3837669878
4 15 16.5858895928
5 15 14.2486703407
6 15 14.1597925512
7 15 15.5953236778
8 15 17.0159384067
9 15 18.3435979354
10 15 13.6698444149
11 15 11.4600962946
12 15 11.5264792127
13 15 10.0001198285
14 15 11.4744146196
15 15 11.3152641909
16 15 12.9279087539
17 15 14.2399181503
18 15 10.099328071
19 15 12.5246040817
20 15 10.4207938771
21 15 8.80564952406
22 15 12.7843081524
23 15 11.4550518379
24 15 3.62008765667
25 15 8.19340666554
26 15 8.75892584756
27 15 7.23970206308
28 15 5.38330934546
29 15 6.56984588007
30 15 8.14978634753
31 15 9.93195331757
32 15 8.77525695298
33 15 7.26766531393
34 15 11.9086464797
35 15 5.44066746519
36 15 6.93915215456
37 15 6.45110850775
38 15 3.62008765667
39 15 5.19419223778
40 15 3.79875801554
41 15 6.07190019322
42 15 7.9398525763
43 15 10.6892708544
44 15 18.1530435212
45 15 15.4239127067
46 15 18.8912829048
47 15 16.5910338536
48 15 19.6096589357
49 15 18.3837669878
50 15 16.5858895928
51 15 13.6698444149
52 15 13.1543496067
53 15 14.224485879
54 15 14.2486703407
55 15 11.4600962946
56 15 10.099328071
57 15 8.19340666554
58 15 8.63628817202
59 15 10.4096324786
60 15 9.63019718044
61 15 12.5246040817
62 15 16.0839525521
63 15 11.5264792127
64 15 10.4207938771
65 15 8.75892584756
66 15 8.77525695298
67 15 9.63019718044
68 15 11.6717405606
69 15 13.0291951565
70 15 13.815969498
71 15 16.3051436581
72 15 12.9148375334
73 15 11.8798811388
74 15 11.0704514429
75 15 9.44365718331
76 15 14.4964373259
77 15 12.6823761718
78 15 10.0001198285
79 15 8.80564952406
80 15 7.23970206308
81 15 7.26766531393
82 15 5.19419223778
83 15 8.63628817202
84 15 11.709134425
85 15 10.8900765655
86 15 10.2351496269
87 15 8.7732182823
88 15 10.5799193967
89 15 8.0987423872
90 15 9.7727870741
91 15 11.5946673336
92 15 10.4679757375
93 15 5.38330934546
94 15 5.44066746519
95 15 3.79875801554
96 15 9.55602260206
97 15 9.41456593521
98 15 8.13391507508
99 15 7.74350985577
100 15 6.93915215456
101 15 11.0351541103
102 15 10.5775472596
103 15 10.1247201635
104 15 9.82933776527
105 15 8.72797779912
106 15 8.14133789747
107 15 8.61454814414
108 15 13.0156008155
109 15 12.963227935
110 15 13.9199586455
111 15 12.0053568081
112 15 11.0351541103
113 15 10.5775472596
114 15 11.9987875895
115 15 11.6717405606
116 15 10.1247201635
117 15 13.0291951565
118 15 13.2664648793
119 15 12.7843081524
120 15 11.9086464797
121 15 16.0839525521
122 15 13.815969498
123 15 15.0507402775
124 15 16.3051436581
125 15 12.9148375334
126 15 11.709134425
127 15 15.0507402775
128 15 14.3158868238
129 15 11.4744146196
130 15 11.8798811388
131 15 10.8900765655
132 15 9.55602260206
133 15 15.8471248119
134 15 14.0933377944
135 15 13.051161186
136 15 10.5790418327
137 15 11.7930587252
138 15 13.560369751
139 15 13.6169004036
140 15 14.3534953827
141 15 11.0704514429
142 15 10.2351496269
143 15 10.4679757375
144 15 9.41456593521
145 15 9.82933776527
146 15 12.0053568081
147 15 11.9987875895
148 15 13.2664648793
149 15 14.6122609983
150 15 15.8266941388
151 15 16.3456258008
152 15 15.3947863827
153 15 13.8497897372
154 15 12.7699913578
155 15 6.56984588007
156 15 6.45110850775
157 15 6.07190019322
158 15 9.44365718331
159 15 8.7732182823
160 15 8.13391507508
161 15 8.72797779912
162 15 12.7364835949
163 15 11.841888786
164 15 9.86237410851
165 15 9.79093970225
166 15 11.3959677472
167 15 8.14133789747
168 15 8.61454814414
169 15 13.0156008155
170 15 12.963227935
171 15 14.6122609983
172 15 13.9199586455
173 15 15.8266941388
174 15 16.3456258008
175 15 14.4964373259
176 15 15.8471248119
177 15 15.3947863827
178 15 16.0859221655
179 15 14.0933377944
180 15 13.8497897372
181 15 12.7364835949
182 15 10.5799193967
183 15 13.051161186
184 15 12.7699913578
185 15 11.841888786
186 15 12.0227807711
187 15 13.3970109616
188 15 8.0987423872
189 15 7.74350985577
190 15 10.5790418327
191 15 9.86237410851
192 15 10.1765613362
193 15 14.1597925512
194 15 11.3152641909
195 15 8.14978634753
196 15 7.9398525763
197 15 10.6892708544
198 15 15.4239127067
199 15 16.5910338536
200 15 13.1543496067
201 15 10.4096324786
202 15 9.7727870741
203 15 11.7930587252
204 15 9.79093970225
205 15 12.0227807711
206 15 10.1765613362
207 15 13.560369751
208 15 15.5953236778
209 15 12.9279087539
210 15 11.4550518379
211 15 9.93195331757
212 15 14.224485879
213 15 12.6823761718
214 15 11.5946673336
215 15 14.3158868238
216 15 13.6169004036
217 15 11.3959677472
218 15 16.0859221655
219 15 13.3970109616
220 15 17.0159384067
221 15 14.2399181503
222 15 14.3534953827
223 15 18.3435979354
0 16 17.8561242329
1 16 19.1645529398
2 16 19.5628605117
3 16 18.2067329199
4 16 16.5735974916
5 16 14.3422937098
6 16 14.9699852302
7 16 16.8013735499
8 16 17.9097642854
9 16 19.516073726
10 16 13.8368095763
11 16 11.7902859236
12 16 13.3197563263
13 16 11.9454528476
14 16 13.7722322572
15 16 12.5154380309
16 16 14.5328286989
17 16 15.459399035
18 16 10.5860502039
19 16 14.1708056978
20 16 12.4715727532
21 16 11.0734776402
22 16 15.1353281856
23 16 13.3297222105
24 16 5.35582389347
25 16 8.83087222078
26 16 11.1557305395
27 16 9.91363149545
28 16 8.81292154202
29 16 9.89563241124
30 16 9.90935715481
31 16 12.078548682
32 16 11.53505387
33 16 10.344397223
34 16 14.7159993413
35 16 9.0446451544
36 16 10.2748109284
37 16 9.99473080251
38 16 5.35582389347
39 16 7.54968976228
40 16 6.87528240117
41 16 8.70517184927
42 16 8.8864492168
43 16 10.8392385074
44 16 17.8561242329
45 16 15.3534615493
46 16 19.1645529398
47 16 17.1518348509
48 16 19.5628605117
49 16 18.2067329199
50 16 16.5735974916
51 16 13.8368095763
52 16 13.4593026799
53 16 15.0307422779
54 16 14.3422937098
55 16 11.7902859236
56 16 10.5860502039
57 16 8.83087222078
58 16 9.99380970155
59 16 10.9343836382
60 16 11.0439555075
61 16 14.1708056978
62 16 18.3961807121
63 16 13.3197563263
64 16 12.4715727532
65 16 11.1557305395
66 16 11.53505387
67 16 11.0439555075
68 16 14.7701199001
69 16 16.1600424799
70 16 16.5411034532
71 16 18.7077200802
72 16 15.6851535173
73 16 14.7858793665
74 16 14.2899481027
75 16 12.6588480083
76 16 17.5783406164
77 16 14.9797667837
78 16 11.9454528476
79 16 11.0734776402
80 16 9.91363149545
81 16 10.344397223
82 16 7.54968976228
83 16 9.99380970155
84 16 14.6447978111
85 16 13.936272169
86 16 13.5845968327
87 16 12.0900120979
88 16 13.6373341395
89 16 10.9351925363
90 16 11.9047081642
91 16 14.0043678795
92 16 14.0665419137
93 16 8.81292154202
94 16 9.0446451544
95 16 6.87528240117
96 16 13.0293609003
97 16 13.0857861095
98 16 11.7550147205
99 16 10.8060869685
100 16 10.2748109284
101 16 14.6646754879
102 16 14.3495967254
103 16 13.806087815
104 16 13.5806771093
105 16 12.3859822614
106 16 11.4728208925
107 16 11.5499531487
108 16 16.4201211806
109 16 16.6403401649
110 16 17.7133958802
111 16 15.8120340457
112 16 14.6646754879
113 16 14.3495967254
114 16 15.7936445871
115 16 14.7701199001
116 16 13.806087815
117 16 16.1600424799
118 16 16.8819196392
119 16 15.1353281856
120 16 14.7159993413
121 16 18.3961807121
122 16 16.5411034532
123 16 18.0124467436
124 16 18.7077200802
125 16 15.6851535173
126 16 14.6447978111
127 16 18.0124467436
128 16 16.843150762
129 16 13.7722322572
130 16 14.7858793665
131 16 13.936272169
132 16 13.0293609003
133 16 19.0640691727
134 16 17.3355223767
135 16 16.1150780212
136 16 13.4620086535
137 16 14.1637455043
138 16 15.7381973829
139 16 16.199590398
140 16 16.5884009632
141 16 14.2899481027
142 16 13.5845968327
143 16 14.0665419137
144 16 13.0857861095
145 16 13.5806771093
146 16 15.8120340457
147 16 15.7936445871
148 16 16.8819196392
149 16 18.2706239456
150 16 19.5429086333
151 16 19.9455491759
152 16 18.800635235
153 16 17.2589660903
154 16 16.0185105257
155 16 9.89563241124
156 16 9.99473080251
157 16 8.70517184927
158 16 12.6588480083
159 16 12.0900120979
160 16 11.7550147205
161 16 12.3859822614
162 16 16.0527038028
163 16 14.9387543147
164 16 12.6550026896
165 16 12.2870286073
166 16 14.1579642777
167 16 11.4728208925
168 16 11.5499531487
169 16 16.4201211806
170 16 16.6403401649
171 16 18.2706239456
172 16 17.7133958802
173 16 19.5429086333
174 16 19.9455491759
175 16 17.5783406164
176 16 19.0640691727
177 16 18.800635235
178 16 18.8977341312
179 16 17.3355223767
180 16 17.2589660903
181 16 16.0527038028
182 16 13.6373341395
183 16 16.1150780212
184 16 16.0185105257
185 16 14.9387543147
186 16 14.3003141122
187 16 15.9656797159
188 16 10.9351925363
189 16 10.8060869685
190 16 13.4620086535
191 16 12.6550026896
192 16 11.9775100262
193 16 14.9699852302
194 16 12.5154380309
195 16 9.90935715481
196 16 8.8864492168
197 16 10.8392385074
198 16 15.3534615493
199 16 17.1518348509
200 16 13.4593026799
201 16 10.9343836382
202 16 11.9047081642
203 16 14.1637455043
204 16 12.2870286073
205 16 14.3003141122
206 16 11.9775100262
207 16 15.7381973829
208 16 16.8013735499
209 16 14.5328286989
210 16 13.3297222105
211 16 12.078548682
212 16 15.0307422779
213 16 14.9797667837
214 16 14.0043678795
215 16 16.843150762
216 16 16.199590398
217 16 14.1579642777
218 16 18.8977341312
219 16 15.9656797159
220 16 17.9097642854
221 16 15.459399035
222 16 16.5884009632
223 16 19.516073726
0 17 18.7762761846
1 17 19.8793070239
2 17 20.8213473789
3 17 19.6934773801
4 17 18.1386393503
5 17 16.3330140248
6 17 16.0485405461
7 17 18.0841426314
8 17 19.1879151424
9 17 21.0581366221
10 17 15.6246226452
11 17 14.0862425907
12 17 15.4834621937
13 17 13.8652841846
14 17 15.2570157882
15 17 13.7272289579
16 17 15.946742659
17 17 16.8746816019
18 17 13.2056787035
19 17 17.2275522729
20 17 14.8585303037
21 17 13.2320924939
22 17 17.9160075673
23 17 14.9563059806
24 17 6.82599979319
25 17 11.4240139305
26 17 13.4120997134
27 17 11.8720155471
28 17 10.5734670688
29 17 10.969719859
30 17 11.0954218901
31 17 13.4944148314
32 17 13.9120322452
33 17 12.4388221382
34 17 17.4274835257
35 17 9.64698790207
36 17 10.5566271098
37 17 9.971660175
38 17 6.82599979319
39 17 8.24754879048
40 17 7.05405625622
41 17 8.15786808626
42 17 8.49950523274
43 17 10.3213463502
44 17 18.7762761846
45 17 15.3706595185
46 17 19.8793070239
47 17 16.9974473045
48 17 20.8213473789
49 17 19.6934773801
50 17 18.1386393503
51 17 15.6246226452
52 17 14.2232186949
53 17 16.0737425797
54 17 16.3330140248
55 17 14.0862425907
56 17 13.2056787035
57 17 11.4240139305
58 17 12.0629533863
59 17 12.1428053419
60 17 13.7242142317
61 17 17.2275522729
62 17 21.3810245797
63 17 15.4834621937
64 17 14.8585303037
65 17 13.4120997134
66 17 13.9120322452
67 17 13.7242142317
68 17 17.1047588715
69 17 18.297382409
70 17 19.0156730986
71 17 21.2792704267
72 17 17.3734704989
73 17 16.1468583033
74 17 15.5575614139
75 17 13.7310560022
76 17 18.8007543966
77 17 16.3243854201
78 17 13.8652841846
79 17 13.2320924939
80 17 11.8720155471
81 17 12.4388221382
82 17 8.24754879048
83 17 12.0629533863
84 17 16.0472461225
85 17 14.9515569513
86 17 14.477808548
87 17 12.7159123715
88 17 13.7298817016
89 17 10.6215937106
90 17 12.639221737
91 17 15.0148271728
92 17 14.9866943983
93 17 10.5734670688
94 17 9.64698790207
95 17 7.05405625622
96 17 13.8043317402
97 17 13.7028983567
98 17 12.0487493963
99 17 10.073593636
100 17 10.5566271098
101 17 15.7386149619
102 17 15.3649838957
103 17 15.4380305269
104 17 13.9849305584
105 17 12.4505587917
106 17 10.9603725982
107 17 10.5564803673
108 17 15.9942292868
109 17 16.5530220417
110 17 18.0583790795
111 17 16.3039697732
112 17 15.7386149619
113 17 15.3649838957
114 17 16.8172344372
115 17 17.1047588715
116 17 15.4380305269
117 17 18.297382409
118 17 18.307462774
119 17 17.9160075673
120 17 17.4274835257
121 17 21.3810245797
122 17 19.0156730986
123 17 20.1725319686
124 17 21.2792704267
125 17 17.3734704989
126 17 16.0472461225
127 17 20.1725319686
128 17 17.8963393584
129 17 15.2570157882
130 17 16.1468583033
131 17 14.9515569513
132 17 13.8043317402
133 17 19.7152097878
134 17 17.4730681573
135 17 15.9930733871
136 17 12.9620747475
137 17 14.5667231724
138 17 15.9943583774
139 17 16.8908061387
140 17 17.3411077695
141 17 15.5575614139
142 17 14.477808548
143 17 14.9866943983
144 17 13.7028983567
145 17 13.9849305584
146 17 16.3039697732
147 17 16.8172344372
148 17 18.307462774
149 17 18.2791049593
150 17 19.9367575112
151 17 20.7329417662
152 17 19.3507349923
153 17 17.2741419818
154 17 15.761079663
155 17 10.969719859
156 17 9.971660175
157 17 8.15786808626
158 17 13.7310560022
159 17 12.7159123715
160 17 12.0487493963
161 17 12.4505587917
162 17 15.7693923709
163 17 14.3333770908
164 17 11.5384340126
165 17 12.1961252405
166 17 14.4747095672
167 17 10.9603725982
168 17 10.5564803673
169 17 15.9942292868
170 17 16.5530220417
171 17 18.2791049593
172 17 18.0583790795
173 17 19.9367575112
174 17 20.7329417662
175 17 18.8007543966
176 17 19.7152097878
177 17 19.3507349923
178 17 19.554244063
179 17 17.4730681573
180 17 17.2741419818
181 17 15.7693923709
182 17 13.7298817016
183 17 15.9930733871
184 17 15.761079663
185 17 14.3333770908
186 17 13.757911062
187 17 15.8423144633
188 17 10.6215937106
189 17 10.073593636
190 17 12.9620747475
191 17 11.5384340126
192 17 10.9063709615
193 17 16.0485405461
194 17 13.7272289579
195 17 11.0954218901
196 17 8.49950523274
197 17 10.3213463502
198 17 15.3706595185
199 17 16.9974473045
200 17 14.2232186949
201 17 12.1428053419
202 17 12.639221737
203 17 14.5667231724
204 17 12.1961252405
205 17 13.757911062
206 17 10.9063709615
207 17 15.9943583774
208 17 18.0841426314
209 17 15.946742659
210 17 14.9563059806
211 17 13.4944148314
212 17 16.0737425797
213 17 16.3243854201
214 17 15.0148271728
215 17 17.8963393584
216 17 16.8908061387
217 17 14.4747095672
218 17 19.554244063
219 17 15.8423144633
220 17 19.1879151424
221 17 16.8746816019
222 17 17.3411077695
223 17 21.0581366221
0 32 25.820940898
1 32 27.5700768355
2 32 27.4394952424
3 32 25.8739761995
4 32 24.3894232115
5 32 21.9860943229
6 32 23.5670243457
7 32 25.3248110631
8 32 26.3297249189
9 32 27.7721132976
10 32 21.7514539353
11 32 19.4475297955
12 32 21.2020210954
13 32 20.1220052794
14 32 22.1312187865
15 32 21.2002119352
16 32 23.0601741208
17 32 23.9373430928
18 32 18.0159539769
19 32 20.3327845317
20 32 20.0240975493
21 32 18.9245270896
22 32 21.4585044299
23 32 21.7155377665
24 32 14.0784784188
25 32 16.5573092388
26 32 18.8022532126
27 32 17.8170130554
28 32 16.1804283278
29 32 17.8000227878
30 32 18.654028205
31 32 20.5772804523
32 32 18.6333173952
33 32 17.6420255658
34 32 20.4124614718
35 32 14.5472599526
36 32 14.8146822816
37 32 16.2631609977
38 32 14.0784784188
39 32 16.2027713667
40 32 14.7571780001
41 32 16.7649457805
42 32 17.7514086315
43 32 19.5444813395
44 32 25.820940898
45 32 23.8475711934
46 32 27.5700768355
47 32 25.9251333675
48 32 27.4394952424
49 32 25.8739761995
50 32 24.3894232115
51 32 21.7514539353
52 32 22.054720888
53 32 23.6418447195
54 32 21.9860943229
55 32 19.4475297955
56 32 18.0159539769
57 32 16.5573092388
58 32 18.2222308417
59 32 19.5536634497
60 32 18.4138823207
61 32 20.3327845317
62 32 23.8026598884
63 32 21.2020210954
64 32 20.0240975493
65 32 18.8022532126
66 32 18.6333173952
67 32 18.4138823207
68 32 21.1056244565
69 32 22.8521987582
70 32 23.1207530038
71 32 25.3333451523
72 32 23.542239039
73 32 22.8391138398
74 32 22.0859526139
75 32 20.617602188
76 32 25.488338278
77 32 23.4061607723
78 32 20.1220052794
79 32 18.9245270896
80 32 17.8170130554
81 32 17.6420255658
82 32 16.2027713667
83 32 18.2222308417
84 32 22.6445256923
85 32 22.0751905338
86 32 21.4060603565
87 32 20.027454716
88 32 21.8318783292
89 32 19.1227907552
90 32 20.6763818153
91 32 22.5758439865
92 32 21.3755354122
93 32 16.1804283278
94 32 14.5472599526
95 32 14.7571780001
96 32 20.6840859257
97 32 20.2457095938
98 32 18.9231004576
99 32 18.1065462197
100 32 14.8146822816
101 32 18.7874022302
102 32 19.3604372207
103 32 18.8957450419
104 32 20.1784948629
105 32 18.9050739687
106 32 17.2248717486
107 32 16.674957894
108 32 20.8569928092
109 32 22.3115719141
110 32 23.524933955
111 32 21.7772506396
112 32 18.7874022302
113 32 19.3604372207
114 32 22.0860838962
115 32 21.1056244565
116 32 18.8957450419
117 32 22.8521987582
118 32 23.5513416448
119 32 21.4585044299
120 32 20.4124614718
121 32 23.8026598884
122 32 23.1207530038
123 32 24.8721955837
124 32 25.3333451523
125 32 23.542239039
126 32 22.6445256923
127 32 24.8721955837
128 32 25.3054033015
129 32 22.1312187865
130 32 22.8391138398
131 32 22.0751905338
132 32 20.6840859257
133 32 27.0573970747
134 32 25.3078844863
135 32 24.2541744752
136 32 21.569505751
137 32 22.8979821405
138 32 24.5628962782
139 32 24.7767704102
140 32 25.2996348737
141 32 22.0859526139
142 32 21.4060603565
143 32 21.3755354122
144 32 20.2457095938
145 32 20.1784948629
146 32 21.7772506396
147 32 22.0860838962
148 32 23.5513416448
149 32 24.9832205525
150 32 26.2873294795
151 32 27.1128813695
152 32 26.5087095503
153 32 24.8681399655
154 32 23.7854096675
155 32 17.8000227878
156 32 16.2631609977
157 32 16.7649457805
158 32 20.617602188
159 32 20.027454716
160 32 18.9231004576
161 32 18.9050739687
162 32 23.6536292188
163 32 22.6621229161
164 32 20.1495208174
165 32 20.8928975045
166 32 22.6659606045
167 32 17.2248717486
168 32 16.674957894
169 32 20.8569928092
170 32 22.3115719141
171 32 24.9832205525
172 32 23.524933955
173 32 26.2873294795
174 32 27.1128813695
175 32 25.488338278
176 32 27.0573970747
177 32 26.5087095503
178 32 27.3174013257
179 32 25.3078844863
180 32 24.8681399655
181 32 23.6536292188
182 32 21.8318783292
183 32 24.2541744752
184 32 23.7854096675
185 32 22.6621229161
186 32 22.9295564047
187 32 24.5748697962
188 32 19.1227907552
189 32 18.1065462197
190 32 21.569505751
191 32 20.1495208174
192 32 20.4981701903
193 32 23.5670243457
194 32 21.2002119352
195 32 18.654028205
196 32 17.7514086315
197 32 19.5444813395
198 32 23.8475711934
199 32 25.9251333675
200 32 22.054720888
201 32 19.5536634497
202 32 20.6763818153
203 32 22.8979821405
204 32 20.8928975045
205 32 22.9295564047
206 32 20.4981701903
207 32 24.5628962782
208 32 25.3248110631
209 32 23.0601741208
210 32 21.7155377665
211 32 20.5772804523
212 32 23.6418447195
213 32 23.4061607723
214 32 22.5758439865
215 32 25.3054033015
216 32 24.7767704102
217 32 22.6659606045
218 32 27.3174013257
219 32 24.5748697962
220 32 26.3297249189
221 32 23.9373430928
222 32 25.2996348737
223 32 27.7721132976
0 33 25.3386697871
1 33 26.9411800578
2 33 26.6453375448
3 33 25.0199941515
4 33 23.4412862102
5 33 20.7876246833
6 33 22.5891440501
7 33 24.0415432862
8 33 25.1496500512
9 33 26.2894635807
10 33 20.656597923
11 33 18.0516693521
12 33 19.2832258518
13 33 18.3796116812
14 33 20.4264651367
15 33 20.0806656601
16 33 21.6180649813
17 33 22.6089856602
18 33 16.4071904362
19 33 17.6895639116
20 33 17.8954332847
21 33 16.9710843411
22 33 18.6886277245
23 33 20.1022046702
24 33 13.1346804859
25 33 15.0240496472
26 33 16.7261189136
27 33 15.9462287274
28 33 14.2762765202
29 33 16.2148776984
30 33 17.4836535899
31 33 19.0503228631
32 33 16.2784327279
33 33 15.4798530148
34 33 17.4347578801
35 33 13.0059991955
36 33 13.3433618916
37 33 15.036598209
38 33 13.1346804859
39 33 15.2405515363
40 33 13.8812271681
41 33 16.1261653626
42 33 17.4850289601
43 33 19.566896176
44 33 25.3386697871
45 33 23.7312427861
46 33 26.9411800578
47 33 25.6313991219
48 33 26.6453375448
49 33 25.0199941515
50 33 23.4412862102
51 33 20.656597923
52 33 21.4522419033
53 33 22.6828072947
54 33 20.7876246833
55 33 18.0516693521
56 33 16.4071904362
57 33 15.0240496472
58 33 16.7049576386
59 33 18.7141867398
60 33 16.3992095353
61 33 17.6895639116
62 33 20.6728612096
63 33 19.2832258518
64 33 17.8954332847
65 33 16.7261189136
66 33 16.2784327279
67 33 16.3992095353
68 33 18.3586608316
69 33 20.1965775759
70 33 20.3753109792
71 33 22.5859976531
72 33 21.4319014345
73 33 20.9243013559
74 33 20.1228970886
75 33 18.8678926599
76 33 23.4586116608
77 33 21.7294523262
78 33 18.3796116812
79 33 16.9710843411
80 33 15.9462287274
81 33 15.4798530148
82 33 15.2405515363
83 33 16.7049576386
84 33 20.6993200933
85 33 20.3497722768
86 33 19.6458400872
87 33 18.5096927099
88 33 20.5881789912
89 33 18.2436454941
90 33 19.5101633473
91 33 21.0852411977
92 33 19.4560075525
93 33 14.2762765202
94 33 13.0059991955
95 33 13.8812271681
96 33 18.9683989623
97 33 18.5148028264
98 33 17.4574644992
99 33 17.3253007089
100 33 13.3433618916
101 33 16.4225205003
102 33 17.0959396131
103 33 16.2925430614
104 33 18.469382074
105 33 17.4676389388
106 33 16.1855330331
107 33 15.9716757465
108 33 19.5095501062
109 33 20.7146797831
110 33 21.5979202189
111 33 19.8427016211
112 33 16.4225205003
113 33 17.0959396131
114 33 19.8622239257
115 33 18.3586608316
116 33 16.2925430614
117 33 20.1965775759
118 33 21.128592035
119 33 18.6886277245
120 33 17.4347578801
121 33 20.6728612096
122 33 20.3753109792
123 33 22.2088008988
124 33 22.5859976531
125 33 21.4319014345
126 33 20.6993200933
127 33 22.2088008988
128 33 23.6369375917
129 33 20.4264651367
130 33 20.9243013559
131 33 20.3497722768
132 33 18.9683989623
133 33 25.2564118912
134 33 23.8339152133
135 33 23.0226363865
136 33 20.6622277819
137 33 21.7252364519
138 33 23.4833543452
139 33 23.3096894132
140 33 23.9191456476
141 33 20.1228970886
142 33 19.6458400872
143 33 19.4560075525
144 33 18.5148028264
145 33 18.469382074
146 33 19.8427016211
147 33 19.8622239257
148 33 21.128592035
149 33 23.3392639544
150 33 24.3585620857
151 33 25.0078683293
152 33 24.6867516152
153 33 23.3865623959
154 33 22.5491227743
155 33 16.2148776984
156 33 15.036598209
157 33 16.1261653626
158 33 18.8678926599
159 33 18.5096927099
160 33 17.4574644992
161 33 17.4676389388
162 33 22.4002513298
163 33 21.6808488988
164 33 19.5549956517
165 33 19.9722824463
166 33 21.3988230028
167 33 16.1855330331
168 33 15.9716757465
169 33 19.5095501062
170 33 20.7146797831
171 33 23.3392639544
172 33 21.5979202189
173 33 24.3585620857
174 33 25.0078683293
175 33 23.4586116608
176 33 25.2564118912
177 33 24.6867516152
178 33 25.6932576837
179 33 23.8339152133
180 33 23.3865623959
181 33 22.4002513298
182 33 20.5881789912
183 33 23.0226363865
184 33 22.5491227743
185 33 21.6808488988
186 33 22.2233183363
187 33 23.5333912188
188 33 18.2436454941
189 33 17.3253007089
190 33 20.6622277819
191 33 19.5549956517
192 33 20.2038009782
193 33 22.5891440501
194 33 20.0806656601
195 33 17.4836535899
196 33 17.4850289601
197 33 19.566896176
198 33 23.7312427861
199 33 25.6313991219
200 33 21.4522419033
201 33 18.7141867398
202 33 19.5101633473
203 33 21.7252364519
204 33 19.9722824463
205 33 22.2233183363
206 33 20.2038009782
207 33 23.4833543452
208 33 24.0415432862
209 33 21.6180649813
210 33 20.1022046702
211 33 19.0503228631
212 33 22.6828072947
213 33 21.7294523262
214 33 21.0852411977
215 33 23.6369375917
216 33 23.3096894132
217 33 21.3988230028
218 33 25.6932576837
219 33 23.5333912188
220 33 25.1496500512
221 33 22.6089856602
222 33 23.9191456476
223 33 26.2894635807
0 34 22.3326537349
1 34 24.0519397144
2 34 23.4522614487
3 34 21.758765178
4 34 20.2246357937
5 34 17.5097574044
6 34 19.799411572
7 34 21.1719557088
8 34 22.161741294
9 34 23.2074068765
10 34 17.5006634693
11 34 14.8447034696
12 34 16.4198699075
13 34 15.7360391453
14 34 17.9845155676
15 34 17.4647242563
16 34 18.911182639
17 34 19.7443739426
18 34 13.1993705067
19 34 14.570582631
20 34 15.1175689195
21 34 14.4345258046
22 34 15.9627575459
23 34 17.461837158
24 34 11.3707944057
25 34 12.0352980229
26 34 14.2181664935
27 34 13.7374993741
28 34 12.6663486818
29 34 14.6999167753
30 34 15.2343519339
31 34 16.6682564311
32 34 13.9478291893
33 34 13.4619422921
34 34 15.1913071856
35 34 12.8996391466
36 34 13.7281788572
37 34 14.8285177114
38 34 11.3707944057
39 34 13.6412961708
40 34 12.987942755
41 34 15.2509794897
42 34 15.8589862663
43 34 17.6905385142
44 34 22.3326537349
45 34 21.296414263
46 34 24.0519397144
47 34 23.3088691722
48 34 23.4522614487
49 34 21.758765178
50 34 20.2246357937
51 34 17.5006634693
52 34 18.7991174392
53 34 19.9054393535
54 34 17.5097574044
55 34 14.8447034696
56 34 13.1993705067
57 34 12.0352980229
58 34 13.972020489
59 34 16.0733689605
60 34 13.3862713479
61 34 14.570582631
62 34 17.9746947468
63 34 16.4198699075
64 34 15.1175689195
65 34 14.2181664935
66 34 13.9478291893
67 34 13.3862713479
68 34 16.2752442775
69 34 18.0805285503
70 34 17.8826426715
71 34 19.8036862786
72 34 19.0885214449
73 34 18.8054387795
74 34 18.2777532617
75 34 17.1509361288
76 34 21.4400523144
77 34 19.2892978592
78 34 15.7360391453
79 34 14.4345258046
80 34 13.7374993741
81 34 13.4619422921
82 34 13.6412961708
83 34 13.972020489
84 34 18.5889907763
85 34 18.4925619122
86 34 18.0872270867
87 34 17.1116753938
88 34 19.2471922234
89 34 17.1534746067
90 34 17.4381543167
91 34 18.8822346074
92 34 18.1437301811
93 34 12.6663486818
94 34 12.8996391466
95 34 12.987942755
96 34 17.6025399523
97 34 17.4978374058
98 34 16.6478652244
99 34 16.8453190543
100 34 13.7281788572
101 34 16.4356187029
102 34 16.7834606471
103 34 15.5143203016
104 34 17.8232257883
105 34 17.0493305737
106 34 16.3358407726
107 34 16.5120869866
108 34 20.1278240664
109 34 20.6658785582
110 34 21.2553685344
111 34 19.3867746491
112 34 16.4356187029
113 34 16.7834606471
114 34 18.928218177
115 34 16.2752442775
116 34 15.5143203016
117 34 18.0805285503
118 34 19.676922995
119 34 15.9627575459
120 34 15.1913071856
121 34 17.9746947468
122 34 17.8826426715
123 34 19.8878494028
124 34 19.8036862786
125 34 19.0885214449
126 34 18.5889907763
127 34 19.8878494028
128 34 21.3605439376
129 34 17.9845155676
130 34 18.8054387795
131 34 18.4925619122
132 34 17.6025399523
133 34 23.5730506618
134 34 22.5103694974
135 34 21.7488528499
136 34 19.6144912467
137 34 19.7943974602
138 34 21.4790546377
139 34 21.2528239944
140 34 21.6529076625
141 34 18.2777532617
142 34 18.0872270867
143 34 18.1437301811
144 34 17.4978374058
145 34 17.8232257883
146 34 19.3867746491
147 34 18.928218177
148 34 19.676922995
149 34 22.7389077144
150 34 23.5162961513
151 34 23.6926741988
152 34 23.2500584471
153 34 22.3365095262
154 34 21.5583136769
155 34 14.6999167753
156 34 14.8285177114
157 34 15.2509794897
158 34 17.1509361288
159 34 17.1116753938
160 34 16.6478652244
161 34 17.0493305737
162 34 21.5121262633
163 34 20.8655006957
164 34 19.0404191421
165 34 18.4679028114
166 34 19.7126768682
167 34 16.3358407726
168 34 16.5120869866
169 34 20.1278240664
170 34 20.6658785582
171 34 22.7389077144
172 34 21.2553685344
173 34 23.5162961513
174 34 23.6926741988
175 34 21.4400523144
176 34 23.5730506618
177 34 23.2500584471
178 34 23.7072908476
179 34 22.5103694974
180 34 22.3365095262
181 34 21.5121262633
182 34 19.2471922234
183 34 21.7488528499
184 34 21.5583136769
185 34 20.8655006957
186 34 20.7948991283
187 34 21.9290011037
188 34 17.1534746067
189 34 16.8453190543
190 34 19.6144912467
191 34 19.0404191421
192 34 19.0151340174
193 34 19.799411572
194 34 17.4647242563
195 34 15.2343519339
196 34 15.8589862663
197 34 17.6905385142
198 34 21.296414263
199 34 23.3088691722
200 34 18.7991174392
201 34 16.0733689605
202 34 17.4381543167
203 34 19.7943974602
204 34 18.4679028114
205 34 20.7948991283
206 34 19.0151340174
207 34 21.4790546377
208 34 21.1719557088
209 34 18.911182639
210 34 17.461837158
211 34 16.6682564311
212 34 19.9054393535
213 34 19.2892978592
214 34 18.8822346074
215 34 21.3605439376
216 34 21.2528239944
217 34 19.7126768682
218 34 23.7072908476
219 34 21.9290011037
220 34 22.161741294
221 34 19.7443739426
222 34 21.6529076625
223 34 23.2074068765
0 56 15.2175873957
1 56 16.7248592472
2 56 16.1811707182
3 56 14.5513122326
4 56 12.9051461034
5 56 10.135023063
6 56 12.3936675905
7 56 13.7047444591
8 56 14.6516588262
9 56 15.7263722384
10 56 10.0725418621
11 56 7.35991059503
12 56 9.32938639777
13 56 8.73975764121
14 56 11.1775449078
15 56 10.2117023964
16 56 11.6136607362
17 56 12.290020598
18 56 5.72513555275
19 56 8.73199748162
20 56 8.40933679161
21 56 7.86553897138
22 56 10.5358313073
23 56 10.3397667422
24 56 6.31029159881
25 56 4.58247408005
26 56 7.86951005752
27 56 7.73478713527
28 56 8.17233546772
29 56 9.77964165957
30 56 8.58460008721
31 56 9.87029212706
32 56 8.37334038699
33 56 8.2540834309
34 56 10.9710875385
35 56 11.3716896301
36 56 13.011101973
37 56 12.4901053706
38 56 6.31029159881
39 56 8.41687388228
40 56 9.41743578848
41 56 11.2159250595
42 56 10.3328644122
43 56 11.7552588907
44 56 15.2175873957
45 56 14.5301139966
46 56 16.7248592472
47 56 16.4099940246
48 56 16.1811707182
49 56 14.5513122326
50 56 12.9051461034
51 56 10.0725418621
52 56 11.6478808564
53 56 12.5089904555
54 56 10.135023063
55 56 7.35991059503
56 56 5.72513555275
57 56 4.58247408005
58 56 6.75292653778
59 56 8.90166764466
60 56 6.33422715672
61 56 8.73199748162
62 56 13.4740254849
63 56 9.32938639777
64 56 8.40933679161
65 56 7.86951005752
66 56 8.37334038699
67 56 6.33422715672
68 56 11.6327244336
69 56 13.0475197978
70 56 12.5091476077
71 56 14.0593544263
72 56 12.7992322246
73 56 12.6643484712
74 56 12.6989922884
75 56 11.6879136334
76 56 15.482595985
77 56 12.4325292414
78 56 8.73975764121
79 56 7.86553897138
80 56 7.73478713527
81 56 8.2540834309
82 56 8.41687388228
83 56 6.75292653778
84 56 12.5033749657
85 56 12.6511324969
86 56 12.8713261709
87 56 12.1077356536
88 56 14.013968842
89 56 12.4635950848
90 56 10.9513969826
91 56 12.2623271884
92 56 13.5684703508
93 56 8.17233546772
94 56 11.3716896301
95 56 9.41743578848
96 56 12.7737369335
97 56 13.4141791655
98 56 12.8911550879
99 56 13.4203919649
100 56 13.011101973
101 56 15.3878105055
102 56 14.8580396463
103 56 13.2521631713
104 56 14.4687425574
105 56 14.0577871966
106 56 14.4184808386
107 56 15.2459140485
108 56 18.9768123379
109 56 18.2203997318
110 56 18.4477046612
111 56 16.4978619692
112 56 15.3878105055
113 56 14.8580396463
114 56 15.4071923097
115 56 11.6327244336
116 56 13.2521631713
117 56 13.0475197978
118 56 15.3306846646
119 56 10.5358313073
120 56 10.9710875385
121 56 13.4740254849
122 56 12.5091476077
123 56 14.456600779
124 56 14.0593544263
125 56 12.7992322246
126 56 12.5033749657
127 56 14.456600779
128 56 14.6812974906
129 56 11.1775449078
130 56 12.6643484712
131 56 12.6511324969
132 56 12.7737369335
133 56 17.8827581731
134 56 17.2577154131
135 56 16.4828331553
136 56 14.7838443086
137 56 13.4311695332
138 56 14.9102171566
139 56 14.7730391714
140 56 14.8110967144
141 56 12.6989922884
142 56 12.8713261709
143 56 13.5684703508
144 56 13.4141791655
145 56 14.4687425574
146 56 16.4978619692
147 56 15.4071923097
148 56 15.3306846646
149 56 19.0260267665
150 56 19.533833241
151 56 18.9704655207
152 56 18.0309868422
153 56 17.620403245
154 56 16.8487098457
155 56 9.77964165957
156 56 12.4901053706
157 56 11.2159250595
158 56 11.6879136334
159 56 12.1077356536
160 56 12.8911550879
161 56 14.0577871966
162 56 17.017494035
163 56 16.4241233653
164 56 15.2342662204
165 56 12.8589695918
166 56 13.815256365
167 56 14.4184808386
168 56 15.2459140485
169 56 18.9768123379
170 56 18.2203997318
171 56 19.0260267665
172 56 18.4477046612
173 56 19.533833241
174 56 18.9704655207
175 56 15.482595985
176 56 17.8827581731
177 56 18.0309868422
178 56 17.3749687377
179 56 17.2577154131
180 56 17.620403245
181 56 17.017494035
182 56 14.013968842
183 56 16.4828331553
184 56 16.8487098457
185 56 16.4241233653
186 56 15.1283370142
187 56 15.97816807
188 56 12.4635950848
189 56 13.4203919649
190 56 14.7838443086
191 56 15.2342662204
192 56 13.8988010236
193 56 12.3936675905
194 56 10.2117023964
195 56 8.58460008721
196 56 10.3328644122
197 56 11.7552588907
198 56 14.5301139966
199 56 16.4099940246
200 56 11.6478808564
201 56 8.90166764466
202 56 10.9513969826
203 56 13.4311695332
204 56 12.8589695918
205 56 15.1283370142
206 56 13.8988010236
207 56 14.9102171566
208 56 13.7047444591
209 56 11.6136607362
210 56 10.3397667422
211 56 9.87029212706
212 56 12.5089904555
213 56 12.4325292414
214 56 12.2623271884
215 56 14.6812974906
216 56 14.7730391714
217 56 13.815256365
218 56 17.3749687377
219 56 15.97816807
220 56 14.6516588262
221 56 12.290020598
222 56 14.8110967144
223 56 15.7263722384
0 57 18.4493301432
1 57 19.7275350303
2 57 19.1017828887
3 57 17.4700209029
4 57 15.795305062
5 57 12.8715990837
6 57 15.1158567828
7 57 15.9869699492
8 57 17.1064298116
9 57 17.7524557706
10 57 12.9365895387
11 57 10.0039011254
12 57 10.6377345008
13 57 10.2607720275
14 57 12.5297242794
15 57 12.7324537716
16 57 13.6231672691
17 57 14.5586340059
18 57 8.13909809822
19 57 8.33331772667
20 57 9.1868861438
21 57 8.85012820684
22 57 9.72112508939
23 57 12.0491632084
24 57 8.37163508147
25 57 7.19013778376
26 57 8.53477546219
27 57 8.57416292679
28 57 8.30586816368
29 57 10.4615605504
30 57 10.7852274322
31 57 11.5293319977
32 57 8.18894352024
33 57 8.23723219586
34 57 9.33409494502
35 57 10.8616245418
36 57 12.2497719481
37 57 12.5005909466
38 57 8.37163508147
39 57 10.2215982699
40 57 10.5278888272
41 57 12.6312232373
42 57 13.0131405296
43 57 14.9246937816
44 57 18.4493301432
45 57 17.8878706703
46 57 19.7275350303
47 57 19.4625669735
48 57 19.1017828887
49 57 17.4700209029
50 57 15.795305062
51 57 12.9365895387
52 57 14.7875245485
53 57 15.2430198312
54 57 12.8715990837
55 57 10.0039011254
56 57 8.13909809822
57 57 7.19013778376
58 57 8.92602043717
59 57 11.9267742964
60 57 7.6132371082
61 57 8.33331772667
62 57 11.9326575435
63 57 10.6377345008
64 57 9.1868861438
65 57 8.53477546219
66 57 8.18894352024
67 57 7.6132371082
68 57 10.510744778
69 57 12.2394468347
70 57 11.7389630965
71 57 13.5352614716
72 57 13.2884852356
73 57 13.3352217301
74 57 13.0397301197
75 57 12.2884848701
76 57 15.8740525497
77 57 13.8082326936
78 57 10.2607720275
79 57 8.85012820684
80 57 8.57416292679
81 57 8.23723219586
82 57 10.2215982699
83 57 8.92602043717
84 57 13.1100730003
85 57 13.4264553798
86 57 13.3122998792
87 57 12.7973798952
88 57 15.0660175714
89 57 13.790044066
90 57 12.8814470982
91 57 13.7564642652
92 57 13.5236997198
93 57 8.30586816368
94 57 10.8616245418
95 57 10.5278888272
96 57 13.1109857351
97 57 13.416315979
98 57 13.1098661363
99 57 14.2633121849
100 57 12.2497719481
101 57 13.6609604457
102 57 13.4840762494
103 57 11.5832231118
104 57 14.1954365393
105 57 13.9791511567
106 57 14.3738350891
107 57 15.2609676638
108 57 18.1976970128
109 57 17.6472781991
110 57 17.6510990822
111 57 15.7574438071
112 57 13.6609604457
113 57 13.4840762494
114 57 14.5706921526
115 57 10.510744778
116 57 11.5832231118
117 57 12.2394468347
118 57 14.5552895504
119 57 9.72112508939
120 57 9.33409494502
121 57 11.9326575435
122 57 11.7389630965
123 57 13.8409320612
124 57 13.5352614716
125 57 13.2884852356
126 57 13.1100730003
127 57 13.8409320612
128 57 15.9026292266
129 57 12.5297242794
130 57 13.3352217301
131 57 13.4264553798
132 57 13.1109857351
133 57 18.3847855957
134 57 17.9462502371
135 57 17.4766630958
136 57 16.0169462391
137 57 15.1509504614
138 57 16.7967057739
139 57 16.1330322241
140 57 16.4801782558
141 57 13.0397301197
142 57 13.3122998792
143 57 13.5236997198
144 57 13.416315979
145 57 14.1954365393
146 57 15.7574438071
147 57 14.5706921526
148 57 14.5552895504
149 57 18.8493416527
150 57 19.1488552503
151 57 18.6937525448
152 57 18.2934832136
153 57 18.0567302376
154 57 17.5771649496
155 57 10.4615605504
156 57 12.5005909466
157 57 12.6312232373
158 57 12.2884848701
159 57 12.7973798952
160 57 13.1098661363
161 57 13.9791511567
162 57 17.6292761745
163 57 17.3337506434
164 57 16.3407619306
165 57 14.5418431682
166 57 15.1608202194
167 57 14.3738350891
168 57 15.2609676638
169 57 18.1976970128
170 57 17.6472781991
171 57 18.8493416527
172 57 17.6510990822
173 57 19.1488552503
174 57 18.6937525448
175 57 15.8740525497
176 57 18.3847855957
177 57 18.2934832136
178 57 18.4052690974
179 57 17.9462502371
180 57 18.0567302376
181 57 17.6292761745
182 57 15.0660175714
183 57 17.4766630958
184 57 17.5771649496
185 57 17.3337506434
186 57 16.9822430148
187 57 17.5416336013
188 57 13.790044066
189 57 14.2633121849
190 57 16.0169462391
191 57 16.3407619306
192 57 16.0292612756
193 57 15.1158567828
194 57 12.7324537716
195 57 10.7852274322
196 57 13.0131405296
197 57 14.9246937816
198 57 17.8878706703
199 57 19.4625669735
200 57 14.7875245485
201 57 11.9267742964
202 57 12.8814470982
203 57 15.1509504614
204 57 14.5418431682
205 57 16.9822430148
206 57 16.0292612756
207 57 16.7967057739
208 57 15.9869699492
209 57 13.6231672691
210 57 12.0491632084
211 57 11.5293319977
212 57 15.2430198312
213 57 13.8082326936
214 57 13.7564642652
215 57 15.9026292266
216 57 16.1330322241
217 57 15.1608202194
218 57 18.4052690974
219 57 17.5416336013
220 57 17.1064298116
221 57 14.5586340059
222 57 16.4801782558
223 57 17.7524557706
0 58 22.1785083453
1 58 23.4305083327
2 58 22.8922800231
3 58 21.2624004696
4 58 19.5853340162
5 58 16.667427844
6 58 18.7223327343
7 58 19.5733085235
8 58 20.7842944455
9 58 21.37928917
10 58 16.7089116074
11 58 13.7819395361
12 58 14.0254118409
13 58 13.546041004
14 58 15.6059682567
15 58 16.1830382644
16 58 17.054636218
17 58 18.139721897
18 58 11.9103952093
19 58 11.3290871993
20 58 12.3975173143
21 58 11.9283414648
22 58 12.1930741878
23 58 15.3688334186
24 58 10.7463259827
25 58 10.8412595179
26 58 11.5049633256
27 58 11.3004009271
28 58 10.1535676083
29 58 12.4667095106
30 58 13.8588414423
31 58 14.634426307
32 58 10.710140698
33 58 10.495776023
34 58 10.9382298771
35 58 10.9662908075
36 58 11.8569899258
37 58 13.0543681599
38 58 10.7463259827
39 58 12.5609279552
40 58 12.0023739763
41 58 14.3050846216
42 58 15.6269392552
43 58 17.8580025176
44 58 22.1785083453
45 58 21.3226232271
46 58 23.4305083327
47 58 22.8423836329
48 58 22.8922800231
49 58 21.2624004696
50 58 19.5853340162
51 58 16.7089116074
52 58 18.3285139407
53 58 18.8443035489
54 58 16.667427844
55 58 13.7819395361
56 58 11.9103952093
57 58 10.8412595179
58 58 12.3856876735
59 58 15.4124276983
60 58 11.1561334561
61 58 11.3290871993
62 58 13.7703084541
63 58 14.0254118409
64 58 12.3975173143
65 58 11.5049633256
66 58 10.710140698
67 58 11.1561334561
68 58 12.2599198682
69 58 14.1526652956
70 58 13.9796945444
71 58 16.0321248187
72 58 15.9864218917
73 58 15.9244148925
74 58 15.26810804
75 58 14.4988636351
76 58 18.2572298744
77 58 16.8862019582
78 58 13.546041004
79 58 11.9283414648
80 58 11.3004009271
81 58 10.495776023
82 58 12.5609279552
83 58 12.3856876735
84 58 15.6689776756
85 58 15.8331790058
86 58 15.3283688593
87 58 14.7527665464
88 58 17.1403069748
89 58 15.6941017599
90 58 15.7979310802
91 58 16.6846587564
92 58 15.1116433779
93 58 10.1535676083
94 58 10.9662908075
95 58 12.0023739763
96 58 14.9077999153
97 58 14.7534333722
98 58 14.3410068233
99 58 15.4759906693
100 58 11.8569899258
101 58 13.0428443051
102 58 13.4088541711
103 58 11.6975761704
104 58 15.0805613718
105 58 14.7464980449
106 58 14.6700071487
107 58 15.2950861772
108 58 17.8321662209
109 58 17.9333196117
110 58 18.055105799
111 58 16.2578948068
112 58 13.0428443051
113 58 13.4088541711
114 58 15.4198884443
115 58 12.2599198682
116 58 11.6975761704
117 58 14.1526652956
118 58 15.8957073831
119 58 12.1930741878
120 58 10.9382298771
121 58 13.7703084541
122 58 13.9796945444
123 58 15.9820046294
124 58 16.0321248187
125 58 15.9864218917
126 58 15.6689776756
127 58 15.9820046294
128 58 18.8041115038
129 58 15.6059682567
130 58 15.9244148925
131 58 15.8331790058
132 58 14.9077999153
133 58 20.5509783817
134 58 19.9035168116
135 58 19.508445892
136 58 17.91710222
137 58 17.9313891649
138 58 19.6974371013
139 58 18.9143524317
140 58 19.5166603394
141 58 15.26810804
142 58 15.3283688593
143 58 15.1116433779
144 58 14.7534333722
145 58 15.0805613718
146 58 16.2578948068
147 58 15.4198884443
148 58 15.8957073831
149 58 19.8233709833
150 58 20.2137338447
151 58 20.1948059718
152 58 20.1572718786
153 58 19.6837318926
154 58 19.2723674278
155 58 12.4667095106
156 58 13.0543681599
157 58 14.3050846216
158 58 14.4988636351
159 58 14.7527665464
160 58 14.3410068233
161 58 14.7464980449
162 58 19.1917898478
163 58 18.9487718534
164 58 17.7468820032
165 58 16.9381213674
166 58 17.6289479017
167 58 14.6700071487
168 58 15.2950861772
169 58 17.8321662209
170 58 17.9333196117
171 58 19.8233709833
172 58 18.055105799
173 58 20.2137338447
174 58 20.1948059718
175 58 18.2572298744
176 58 20.5509783817
177 58 20.1572718786
178 58 21.0193714694
179 58 19.9035168116
180 58 19.6837318926
181 58 19.1917898478
182 58 17.1403069748
183 58 19.508445892
184 58 19.2723674278
185 58 18.9487718534
186 58 19.410445118
187 58 20.0392687725
188 58 15.6941017599
189 58 15.4759906693
190 58 17.91710222
191 58 17.7468820032
192 58 18.293176211
193 58 18.7223327343
194 58 16.1830382644
195 58 13.8588414423
196 58 15.6269392552
197 58 17.8580025176
198 58 21.3226232271
199 58 22.8423836329
200 58 18.3285139407
201 58 15.4124276983
202 58 15.7979310802
203 58 17.9313891649
204 58 16.9381213674
205 58 19.410445118
206 58 18.293176211
207 58 19.6974371013
208 58 19.5733085235
209 58 17.054636218
210 58 15.3688334186
211 58 14.634426307
212 58 18.8443035489
213 58 16.8862019582
214 58 16.6846587564
215 58 18.8041115038
216 58 18.9143524317
217 58 17.6289479017
218 58 21.0193714694
219 58 20.0392687725
220 58 20.7842944455
221 58 18.139721897
222 58 19.5166603394
223 58 21.37928917
0 59 24.0499381443
1 59 24.9024597958
2 59 24.812075533
3 59 23.3289060564
4 59 21.5413407168
5 59 18.6777918054
6 59 19.9103876232
7 59 20.6171593644
8 59 22.0656947441
9 59 22.5907890413
10 59 18.5609406915
11 59 15.6804130705
12 59 14.9132607607
13 59 14.2088858081
14 59 15.8355646902
15 59 17.1074621336
16 59 17.8238663348
17 59 19.205057676
18 59 13.8088452577
19 59 12.6272093491
20 59 13.1257305088
21 59 12.3925677624
22 59 12.5965671766
23 59 15.9976195687
24 59 11.1419201491
25 59 12.50502489
26 59 11.8729353242
27 59 11.358059386
28 59 9.41445043892
29 59 11.6640035591
30 59 14.3440322847
31 59 14.9634645323
32 59 10.665191923
33 59 10.0947788051
34 59 10.4928622634
35 59 8.77324296147
36 59 9.22497088459
37 59 11.0553144303
38 59 11.1419201491
39 59 12.4709121411
40 59 11.2264958733
41 59 13.4798318116
42 59 15.9475795399
43 59 18.6230998986
44 59 24.0499381443
45 59 22.5924486851
46 59 24.9024597958
47 59 23.7101129726
48 59 24.812075533
49 59 23.3289060564
50 59 21.5413407168
51 59 18.5609406915
52 59 19.6374555026
53 59 20.0214403326
54 59 18.6777918054
55 59 15.6804130705
56 59 13.8088452577
57 59 12.50502489
58 59 13.4661009488
59 59 16.6688592092
60 59 12.4936008477
61 59 12.6272093491
62 59 14.0902646265
63 59 14.9132607607
64 59 13.1257305088
65 59 11.8729353242
66 59 10.665191923
67 59 12.4936008477
68 59 11.5046997173
69 59 13.4015611977
70 59 13.8504219623
71 59 16.3459579917
72 59 15.7779069925
73 59 15.4951260922
74 59 14.4350123058
75 59 13.6832385038
76 59 17.5209412665
77 59 17.0665312904
78 59 14.2088858081
79 59 12.3925677624
80 59 11.358059386
81 59 10.0947788051
82 59 12.4709121411
83 59 13.4661009488
84 59 15.2183299142
85 59 15.1626363206
86 59 14.2449074707
87 59 13.688028705
88 59 16.1069842089
89 59 14.765512828
90 59 15.8854108708
91 59 16.6494609926
92 59 13.5930335595
93 59 9.41445043892
94 59 8.77324296147
95 59 11.2264958733
96 59 13.6267740519
97 59 13.0327580817
98 59 12.6338029014
99 59 13.9804261812
100 59 9.22497088459
101 59 9.82461896233
102 59 10.5446138594
103 59 9.14450207563
104 59 12.9388538122
105 59 12.6178176944
106 59 12.3900743659
107 59 12.9759196487
108 59 14.7588533497
109 59 15.1980647355
110 59 15.3666699378
111 59 13.7072419664
112 59 9.82461896233
113 59 10.5446138594
114 59 13.2172814971
115 59 11.5046997173
116 59 9.14450207563
117 59 13.4015611977
118 59 14.2213089972
119 59 12.5965671766
120 59 10.4928622634
121 59 14.0902646265
122 59 13.8504219623
123 59 15.498942441
124 59 16.3459579917
125 59 15.7779069925
126 59 15.2183299142
127 59 15.498942441
128 59 18.657644519
129 59 15.8355646902
130 59 15.4951260922
131 59 15.1626363206
132 59 13.6267740519
133 59 19.4300115091
134 59 18.5639395106
135 59 18.3042599697
136 59 16.7797421252
137 59 17.6954238238
138 59 19.5607270852
139 59 18.5849696325
140 59 19.5321154609
141 59 14.4350123058
142 59 14.2449074707
143 59 13.5930335595
144 59 13.0327580817
145 59 12.9388538122
146 59 13.7072419664
147 59 13.2172814971
148 59 14.2213089972
149 59 17.5463761453
150 59 18.0076315708
151 59 18.4363175947
152 59 18.7147203715
153 59 18.0183707395
154 59 17.7379010142
155 59 11.6640035591
156 59 11.0553144303
157 59 13.4798318116
158 59 13.6832385038
159 59 13.688028705
160 59 12.6338029014
161 59 12.6178176944
162 59 17.5298799922
163 59 17.436296997
164 59 16.309231771
165 59 16.4010758389
166 59 16.997946898
167 59 12.3900743659
168 59 12.9759196487
169 59 14.7588533497
170 59 15.1980647355
171 59 17.5463761453
172 59 15.3666699378
173 59 18.0076315708
174 59 18.4363175947
175 59 17.5209412665
176 59 19.4300115091
177 59 18.7147203715
178 59 20.4109613329
179 59 18.5639395106
180 59 18.0183707395
181 59 17.5298799922
182 59 16.1069842089
183 59 18.3042599697
184 59 17.7379010142
185 59 17.436296997
186 59 18.8358042291
187 59 19.3816793808
188 59 14.765512828
189 59 13.9804261812
190 59 16.7797421252
191 59 16.309231771
192 59 17.8530994248
193 59 19.9103876232
194 59 17.1074621336
195 59 14.3440322847
196 59 15.9475795399
197 59 18.6230998986
198 59 22.5924486851
199 59 23.7101129726
200 59 19.6374555026
201 59 16.6688592092
202 59 15.8854108708
203 59 17.6954238238
204 59 16.4010758389
205 59 18.8358042291
206 59 17.8530994248
207 59 19.5607270852
208 59 20.6171593644
209 59 17.8238663348
210 59 15.9976195687
211 59 14.9634645323
212 59 20.0214403326
213 59 17.0665312904
214 59 16.6494609926
215 59 18.657644519
216 59 18.5849696325
217 59 16.997946898
218 59 20.4109613329
219 59 19.3816793808
220 59 22.0656947441
221 59 19.205057676
222 59 19.5321154609
223 59 22.5907890413
